0000000000000
0000000010001
0000001001100
0000000110011
0000000010010
0000000000000
0000000000000
0000000000000
0000000000000
0000000000000
0000000000110
0000000000000
0000000000000
0000000000000
0000000000000
0000000000000
0000000000000
0000000000000
0000000000000
0000000000000
0000001001000
0001101100000
0000001111000
0000000000000
0000000000000
0000000000000
0001000111011
0000011001000
0000000000000
0000000000000
0000000000000
0000010001010
0000000000000
0000000000000
0000000000000
0000000000000
0000000000000
0000000000000
0000000000000
0000000000000
0000000000000
0000000000000
0000000000000
0000000001111
0000000010011
0000000000000
0000000000000
0000000000000
0000000000000
0000000000000
0000000000000
0000000000000
0000000000000
0000000000000
0000000000000
0000000000000
0000000000000
0000000000000
0000000001000
0000001000111
0000000000010
0000000000000
0000000000000
0000000000000
0000000000000
0000000000000
0000000111000
0000000110010
0000000011001
0000000000101
0000000000000
0000000000000
0000000000000
0000000000000
0000000000000
0000000000000
0000000000000
0000000000000
0000000000000
0000000000000
0000000000000
0000000000000
0000000000000
0000000000000
0000011101011
0000111100110
0000101010101
0000001110001
0000000000000
0000000000000
0000101000011
0000110010010
0000010010111
0000000000000
0000000000000
0001000000011
0000000010000
0000000000000
0000000000000
0000001111011
0000001011100
0000000000000
0000000000000
0000000000000
0000000000000
0000000000000
0000000000000
0000000000000
0000000000000
0000000000000
0000000000000
0000000000000
0000000000000
0000000000000
0000000000000
0000000000000
0000000000000
0000000000000
0000000000000
0000000000000
0000000000000
0000000000000
0000000000000
0000000000000
0000000000111
0000000101011
0000000010011
0000000000000
0000000000000
0000000000000
0000000000000
0000000111010
0000000100001
0000000000000
0000000000000
0000000000000
0000000000000
0000000000000
0000000000000
0000000000000
0000000000000
0000000000000
0000000000000
0000000000000
0000111010000
0001000101110
0000100011110
0000000000000
0000000000000
0000011111001
0000100010111
0000001111000
0000001100001
0000000000000
0000010101110
0000010111110
0000011010110
0000011010101
0000000000000
0000000000000
0000110000110
0000000000000
0000000000000
0000100110101
0000010110100
0000000000000
0000000000000
0000000000000
0000000000000
0000000000000
0000000111101
0000000100011
0000000000000
0000000000000
0000000000000
0000000000000
0000000000000
0000000000000
0000000000000
0000000011110
0000000011110
0000000000000
0000000000000
0000000000000
0000000000000
0000000000000
0000000000000
0000000000000
0000000000000
0000000000000
0000000101001
0000000000000
0000000000000
0000000000000
0000000000000
0000000000000
0000000101010
0000000001110
0000000000000
0000000000000
0000000000000
0000000000000
0000000011111
0000011110111
0000100111101
0000001101010
0000001000100
0000000010110
0000000000000
0001001100110
0000101000010
0000000110011
0000000111010
0000000001110
0000000100101
0000000011010
0000000110100
0000000110100
0000000111001
0000001010001
0000000100011
0000001001011
0000001000010
0000000101010
0000011111010
0000001100101
0000000000000
0000000000000
0000011110110
0000000000000
0000000000000
0000000000000
0000000000000
0000000000000
0000000000000
0000000000000
0000000000000
0000000011011
0000000011010
0000000010101
0000000000000
0000000000000
0000000000000
0000000000000
0000001001010
0000000100111
0000000000000
0000000000000
0000000000000
0000000000000
0000000000000
0000000000000
0000000000000
0000000000000
0000000000000
0000000000000
0000000000000
0000000000000
0000000000000
0000000000000
0000000000000
0000000000110
0000000000000
0000000000000
0000000000000
0000000000000
0000000000000
0001000111011
0010011100111
0011001101100
0001110011011
0000101010101
0000001100110
0000000001111
0000000010010
0000000110011
0000001011000
0000000000111
0000000010001
0000000001011
0000000000000
0000000011010
0000000000110
0000000100000
0000000001101
0000000000011
0000000100001
0000000101101
0000001110101
0000001110111
0000000000000
0000000110101
0000101111001
0000000001001
0000000000000
0000000000000
0000000000000
0000000000000
0000000000000
0000000000000
0000000000000
0000000000000
0000000000000
0000000010111
0000000010111
0000000000000
0000000000000
0000000000000
0000000000000
0000000000000
0000000000000
0000000000000
0000000000000
0000000000000
0000000000000
0000000000000
0000000000011
0000000000000
0000000000000
0000000011000
0000000101010
0000000000000
0000000000000
0000001000000
0000000000010
0000000000000
0000000000000
0000000000000
0000000000000
0000000000000
0000000000000
0000000000000
0000000000000
0000011110110
0000110101100
0000101001101
0000001101010
0000000000000
0000000010010
0000000000000
0000000000000
0000000000000
0000000000111
0000000000110
0000000000000
0000000000100
0000000010000
0000000011010
0000000001010
0000000000000
0000000000000
0000000010110
0000000011000
0000000111001
0000000111010
0000010110111
0000100001111
0000001101101
0000000000000
0000000000000
0000000000000
0000000000000
0000000000000
0000000000000
0000000000000
0000000000000
0000000000000
0000000000000
0000000000000
0000000000000
0000000000000
0000000000000
0000000000000
0000000000000
0000000000000
0000000000000
0000000000000
0000000000000
0000000000000
0000000010111
0000000001111
0000000100001
0000000011001
0000000000000
0000010111011
0000000010101
0000000000000
0000000000000
0000000000000
0000000000000
0000000000000
0000000000000
0000000000000
0000000000000
0000000000000
0000000000000
0000000000000
0000000000000
0000000000000
0000000000000
0000000000000
0000000000000
0000000000100
0000000000111
0000000000000
0000000000000
0000000000000
0000000000000
0000000000000
0000000000000
0000000011110
0000000100000
0000000000000
0000000000000
0000000000000
0000000000000
0000000000101
0000000000111
0000000000000
0000001000111
0000010010010
0000001101000
0000000000000
0000000000000
0000001000011
0000000000000
0000000000000
0000000000000
0000000000000
0000000000000
0000000000000
0000000000000
0000000000000
0000000000000
0000000000000
0000000000000
0000000000000
0000011010010
0001001011010
0000101010101
0000000000000
0000000000000
0000000011001
0000000110101
0000000100111
0000000001110
0000000101010
0000000101101
0000000000000
0000000000000
0000000000000
0000000000000
0000000000000
0000000000000
0000000000000
0000000000000
0000000000000
0000000000000
0001001101011
0010011111001
0000011001011
0000000000000
0000000000000
0000000000000
0000000000000
0000000000000
0000000000000
0000000000000
0000000000001
0000000000000
0000000001001
0000000000000
0000000000000
0000000000000
0000000001010
0000000100000
0000000000000
0000000000000
0000000000000
0000000000000
0000000000000
0000000000000
0000000000000
0000000000000
0000000100100
0000010101011
0000011110011
0000001000101
0000000011001
0000000000000
0000000000000
0000000000000
0000000000000
0000000000000
0000000000000
0000000000000
0000000000000
0000000000000
0000000000000
0000000000000
0010001110001
0010111000000
0000111010100
0000100101101
0000110001110
0000000000000
0000000000000
0000000000000
0000001010111
0000000000000
0000000000000
0000000000000
0000000000000
0000000000000
0000000000000
0000000000000
0000000000000
0000000101110
0000000000000
0000000000000
0000111000001
0011000110001
0001101100111
0000000001000
0000000000000
0000001001011
0000000001011
0000000000010
0000000010010
0000000000010
0000000000000
0000000000000
0000000000000
0000000001011
0000000000000
0000000000000
0000000000000
0000000000111
0000000000000
0000000010010
0000000000100
0000000000000
0000000000000
0000000000000
0000000000000
0000000000000
0000000000000
0000000000000
0000000001010
0000000111100
0000010001010
0000010110000
0000000011010
0000001010110
0000000000000
0000000000000
0000000000000
0000000000000
0000000000000
0000000000000
0000000000000
0000000000000
0000000000000
0010011000010
0011000100110
0000000000000
0000000000000
0000000000000
0000000000000
0000000010001
0000000000000
0000000000000
0000000000000
0000000111111
0000000001100
0000000000000
0000000000000
0000000000000
0000000000000
0000000000000
0000000000000
0000000000000
0000101100000
0010111111011
0001101111010
0000000100001
0000000110001
0000100011011
0000001110101
0000000000000
0000000000000
0000000000110
0000000000000
0000000000000
0000000000000
0000000000000
0000000000000
0000000000000
0000000000000
0000000000000
0000000000000
0000000000000
0000000001100
0000000001011
0000000000000
0000000000000
0000000000000
0000000000000
0000000000000
0000000000000
0000000000000
0000000000000
0000000000000
0000000000110
0000001000001
0000010101111
0000000011000
0000000000000
0000000000000
0000000000000
0000000000000
0000000000000
0000000000000
0000000000000
0000000000000
0000000000000
0000010111100
0011001100001
0000101111010
0000000000000
0000000000000
0000000000000
0000000000000
0000000000000
0000000000000
0000000000000
0000000000000
0000000000000
0000000100011
0000000000000
0000000000000
0000000001101
0000000000000
0000000000000
0000000000000
0000000000000
0000000000000
0000000000000
0000000000000
0001001000011
0001110101110
0000000101001
0000000000000
0000000000000
0000000000000
0000000000010
0000000000000
0000000000000
0000000000000
0000000000010
0000000000110
0000000001000
0000000000000
0000000000000
0000000000011
0000000000001
0000000001000
0000000000000
0000000000000
0000000000000
0000000000000
0000000000000
0000000000000
0000000000000
0000000000000
0000000000000
0000000000000
0000000000110
0000000000000
0000000111100
0000001101111
0000000010011
0000011000100
0000000000000
0000000000000
0000000000000
0000000000000
0000000000000
0000000000000
0000000000000
0000111000101
0011000000001
0000000000000
0000000000000
0000000000000
0000000000000
0000000000000
0000000000000
0000000000000
0000000000000
0000000000000
0000000000000
0000000000000
0000000000000
0000001000111
0000000110100
0000000000000
0000000000000
0000000000000
0000000000000
0000000000000
0000000000000
0000110011010
0000110000010
0000010000101
0000000000000
0000000000000
0000000000000
0000000000000
0000000000000
0000000000010
0000000000000
0000000000000
0000000000000
0000000001000
0000000001011
0000000000000
0000000000000
0000000000000
0000000000000
0000000000000
0000000000000
0000000000000
0000000000000
0000000000000
0000000000000
0000000000000
0000000000000
0000000000000
0000000000000
0000000000111
0000000000011
0000000000000
0000000010001
0000001100001
0000010010011
0000000000000
0000000000000
0000001110111
0000000000000
0000000000000
0000000000000
0000000000000
0000000000000
0000010101000
0011001001001
0000000000000
0000000000000
0000000000000
0000000000000
0000000000000
0000000000000
0000000000000
0000000000000
0000000000000
0000000000000
0000000000000
0000000000000
0000000000000
0000000000000
0000100111101
0000101000011
0000010101011
0000010110000
0001010101011
0001011110011
0001011011000
0000100010100
0000000000000
0000000000000
0000000000000
0000000000110
0000000000110
0000000000110
0000000000011
0000000000000
0000000000000
0000000011000
0000000010101
0000000000011
0000000000000
0000000000000
0000000000000
0000000000000
0000000000000
0000000000000
0000000000000
0000000000000
0000000000000
0000000000000
0000000000000
0000000000000
0000000000000
0000000000000
0000000000101
0000000000000
0000000000000
0000000000000
0000000001111
0000010110111
0000001001010
0000000000000
0000000000000
0000000110100
0000000000000
0000000000000
0000000000000
0000000000000
0000000000000
0010101001101
0001110001110
0000000000000
0000000000000
0000000000000
0000000000000
0000000000000
0000000000000
0000000000000
0000000000000
0000000000000
0000000000000
0000000000000
0000000000000
0000000000000
0000000000000
0010110010010
0011100100010
0010010011001
0001010100110
0000011011111
0000000000000
0000000000000
0000000000000
0000000000000
0000000000000
0000000000011
0000000000000
0000000000000
0000000000000
0000000000000
0000000001111
0000000010100
0000000001011
0000000001000
0000000000000
0000000000000
0000000000000
0000000000000
0000000000000
0000000000000
0000000000000
0000000000000
0000000000000
0000000000000
0000000000000
0000000000000
0000000000000
0000000000000
0000000000011
0000000000100
0000000000011
0000000000000
0000000000000
0000000000000
0000001000110
0000001110000
0000000000000
0000001011101
0000001100011
0000000000000
0000000000000
0000000000000
0000000000000
0000000000000
0011001010001
0001011011011
0000000000000
0000000000000
0000000101001
0000000001000
0000000000000
0000000000000
0000000000000
0000000000000
0000000000000
0000000000101
0000000000000
0000000000000
0000000000000
0000000000000
0000111110111
0001100010000
0000010010101
0000000000000
0000000000000
0000000000000
0000000000000
0000000000000
0000000000111
0000000000000
0000000000000
0000000000000
0000000000000
0000000001001
0000000011001
0000000001110
0000000010111
0000000001010
0000000001010
0000000000000
0000000011101
0000000000000
0000000000000
0000000000000
0000000000000
0000000000000
0000000000000
0000000000000
0000000000000
0000000000000
0000000000000
0000000000000
0000000001001
0000000010100
0000000000111
0000000000000
0000000000000
0000000111010
0000001011011
0000000000000
0000000001010
0000000101100
0000000000000
0000000010000
0000000000000
0000000000000
0000000000000
0000000000000
0000000000000
0001010000100
0001101111001
0000101100011
0000000000000
0000000000000
0000000000000
0000000000100
0000000000000
0000000000000
0000000000000
0000000000000
0000000000000
0000000000000
0000000000000
0000000000000
0000000000000
0000000000000
0000000000000
0000100100011
0001010101001
0000000001100
0000000000000
0000000000000
0000000000000
0000000000010
0000000000000
0000000000000
0000000000111
0000000011100
0000000100001
0000000001100
0000001010111
0000000111101
0000010000100
0000000111101
0000000000000
0000000001111
0000000010011
0000000001110
0000000000000
0000000000000
0000000000000
0000000000000
0000000000000
0000000000000
0000000000000
0000000000100
0000000011110
0000000000000
0000000000000
0000000000000
0000000000000
0000000000000
0000000000000
0000000000000
0000010011110
0000101100010
0000001011010
0000000000000
0000000000000
0000000000000
0000000000000
0000000000000
0000000000000
0000000000000
0000000000000
0000000000000
0000000000000
0000000000000
0000000000000
0000000100110
0000000101100
0000000000000
0000000000000
0000000000000
0000000000000
0000000000000
0000000000000
0000000000000
0000000000000
0000000000000
0000000000000
0000110011010
0000100111111
0000000000000
0000000000000
0000000001110
0000000000100
0000000000000
0000000000100
0000000010011
0000000100101
0000000101010
0000001010000
0000001101001
0000000000000
0000000000000
0000000101000
0000001001011
0000000000000
0000000110000
0000001110001
0000000111000
0000000000000
0000000001011
0000000000000
0000000010000
0000000000000
0000000011111
0000000000000
0000000000000
0000000000000
0000000000000
0000000000000
0000000000000
0000000000000
0000000000011
0000001001011
0000001011111
0000000000000
0000000000000
0000010010000
0000000000000
0000000000000
0000000000000
0000000000000
0000000000000
0000000000000
0000000000000
0000000000000
0000000000000
0000000000000
0000000000000
0000000000000
0000000000000
0000000011000
0000000110000
0000000000000
0000000000000
0000000000000
0000000000000
0000000000000
0000000000000
0000000000000
0000000000000
0000001010001
0001010001111
0000000000000
0000000000000
0000000000000
0000000000100
0000000001100
0000000000110
0000000010101
0000000110000
0000000011001
0000000111001
0000010000010
0000011000100
0000000000000
0000000000000
0000000000000
0000000000000
0000000011011
0000000000000
0000000000000
0000001110111
0000000011010
0000000001111
0000000011010
0000000011010
0000001000011
0000000000000
0000000111100
0000000001011
0000000000000
0000000000000
0000001001001
0000000000000
0000000111101
0000000000000
0000000000000
0000000000000
0000000000000
0000001101010
0000000000000
0000000000000
0000000000000
0000000000000
0000000000000
0000000000000
0000000000000
0000000000000
0000000000000
0000000000000
0000000000000
0000000000000
0000000000000
0000000000000
0000000000000
0000000010000
0000000100100
0000000000110
0000000000000
0000000000000
0000000000000
0000000000000
0000000000000
0000110101010
0010010111101
0001001101000
0000000000000
0000000000000
0000000000000
0000000100111
0000000001100
0000000000001
0000000000100
0000001001111
0000000100001
0000001000110
0000010100111
0000010101101
0000000000000
0000000000000
0000111000001
0001000110101
0000000000000
0000000000000
0000000000000
0000000000000
0000001100010
0000000000000
0000001001010
0000001010110
0000000000000
0000000000000
0000000000000
0000000000000
0000000000001
0010011100001
0001001101110
0000000000000
0000000000000
0000000001000
0000000000000
0000000011010
0000000011111
0000000100111
0000010100111
0000000000000
0000000000000
0000000000000
0000000000000
0000000000000
0000000000000
0000000000000
0000000000000
0000000000000
0000000000000
0000000000000
0000000000000
0000000000000
0000000000000
0000000000000
0000000001111
0000000011111
0000000000000
0000000000000
0000000000000
0000000000000
0000000000000
0000000000000
0010010000100
0001011100110
0000000000000
0000000000000
0000000000101
0000000000000
0000000000000
0000000000001
0000000010110
0000010100100
0000000000000
0000000000000
0000010110000
0000001110100
0000000000000
0000000000000
0001110100111
0010011011001
0000000010000
0000000000000
0000000000000
0000000000000
0000000000000
0000000000000
0000001110001
0000000000000
0000000000000
0000100101100
0000000000000
0000000000000
0000101111100
0001100111000
0000000000000
0000011110110
0000000000000
0000000000000
0000000000000
0000000000000
0000000000000
0000000110110
0000001111101
0000000000000
0000000000000
0000000000000
0000000000000
0000000000000
0000000000000
0000000000000
0000000000000
0000000000000
0000000000000
0000000000000
0000000000000
0000000000000
0000000000000
0000000000000
0000000000000
0000000000000
0000000101001
0000000111100
0000000000011
0000000000000
0000000000000
0000000011110
0010011001101
0000010111100
0000000000000
0000000000000
0000000000100
0000000000000
0000000000000
0000000000101
0000000011011
0000011001101
0000000010110
0000000000000
0000000001001
0000000000000
0000000000000
0000000000000
0001100010101
0001011000000
0000101100010
0000001011001
0000101100111
0001000111011
0000000000000
0000000000000
0000000000000
0000000000000
0000000000000
0000100100110
0000111010000
0000000000000
0000000000000
0000011001010
0000000000000
0000000000000
0001100010110
0000000111000
0000000000000
0000000100111
0000000000000
0000000000000
0000000011111
0000011110110
0000000000000
0000000000000
0000000000000
0000000000000
0000000000000
0000000000000
0000000000000
0000000001110
0000000000000
0000000000000
0000000000000
0000000011111
0000000101000
0000000010101
0000000000000
0000000000000
0000000000000
0000000101000
0000000000000
0000000000000
0000000000000
0001011010000
0001111011111
0000000000000
0000000000000
0000000000000
0000000000000
0000000000001
0000000000100
0000000000000
0000000100110
0000100011001
0000001101010
0000000000000
0000000000000
0000000000000
0000000000000
0001001010010
0000111110111
0000011001101
0001100101110
0001111010001
0000000000000
0000010100110
0000000000000
0000000000000
0000000000000
0000000000000
0000000000000
0000001011110
0010010111111
0000000000000
0000000000000
0000000000000
0000000000000
0000000000000
0001101111111
0000000000000
0000000000000
0000000001000
0000000000000
0000001111111
0000100000010
0000000000000
0000000000000
0000000000000
0000000000000
0000000000000
0000000000000
0000000000000
0000000000000
0000000000000
0000000000000
0000000000000
0000000000000
0000000000000
0000000010101
0000000011001
0000000000000
0000000000000
0000000000000
0000000000000
0000000000000
0000000000000
0000000100100
0010100010010
0000011100101
0000000000000
0000000000000
0000000000000
0000000000000
0000000000000
0000000001100
0000000000100
0000001010111
0000000110100
0000000000000
0000000000000
0000000000000
0000000000000
0001100111101
0001100101001
0000000101101
0001101110110
0000100010100
0000000000000
0000000000000
0000000000000
0010000110010
0001110111100
0000000000000
0000000000000
0000100001110
0000000000000
0001101111110
0001011101010
0000000000000
0000000000000
0000000000000
0000000000000
0001010000111
0000000000000
0000000000000
0000000000101
0000000000000
0000010011111
0000011010111
0000000000000
0000000000000
0000000000000
0000000000000
0000000000000
0000000000000
0000000000000
0000000000000
0000000000000
0000000000000
0000000000000
0000000000000
0000000000000
0000000000000
0000000000000
0000000001111
0000000000000
0000000000000
0000000000000
0000000000000
0000000000000
0010111111110
0001011000011
0000000000000
0000000000000
0000010000101
0000000000000
0000000000000
0000000000000
0000000000110
0000000000001
0000011110010
0000000000000
0000000000000
0010010000010
0000000000000
0000000000000
0001100111110
0000000001110
0001001000011
0000000000000
0000000000000
0000000000000
0000000000000
0001011101010
0001100110110
0001011110001
0000000000000
0000000000000
0001000100101
0000000111101
0001000001011
0010001111000
0000000000000
0000000000000
0000000000000
0000000000000
0000010101101
0000000101011
0000000000000
0000000001000
0000000000000
0000000110111
0000100010000
0000001101111
0000000000000
0000000000000
0000000000000
0000000000010
0000000000000
0000000000000
0000000000000
0000000000000
0000000000000
0000000000000
0000000000000
0000000000000
0000000000110
0000000000000
0000000000000
0000000000000
0000011000011
0000000000000
0000000000000
0000111001110
0001011101011
0000000000000
0000000000000
0000110010110
0000111000111
0000001111111
0000000000000
0000000000000
0000000000000
0000000101111
0000001001010
0000000000000
0000000000000
0010001000000
0001100001100
0000011110110
0000000000000
0000000000000
0000000000000
0001100100011
0000000000000
0000000000000
0000000011111
0001110101101
0000111001011
0001000010110
0000000000000
0000000000000
0000011111001
0001000011000
0000011101111
0001100010110
0001001000111
0000000000000
0000000000000
0000000000000
0000000000000
0000000000000
0000000000000
0000000000000
0000000000000
0000011001100
0000000110000
0000000000000
0000000000000
0000000000000
0000000000000
0000000000000
0000000000000
0000000000000
0000000000000
0000000000000
0000000000000
0000000000000
0000000000000
0000000000000
0000000000000
0000000000000
0000000000000
0000000000000
0000011011101
0000011011010
0000000000000
0000000000000
0000000000000
0000000000000
0000000000000
0001111110101
0000101100011
0000000000000
0000000000000
0000000000000
0000000000000
0000010001111
0000000000000
0000000000000
0000000000000
0001011000111
0010001111111
0000000000000
0000000000000
0000000000000
0001001100100
0011001010011
0000000000000
0000000000000
0001001101000
0000100110010
0000001110111
0000011101000
0000001010100
0000000000000
0000000111110
0000101010000
0000001010111
0000110101010
0001100100001
0000000000000
0000000000000
0000000000000
0000000000000
0000000000000
0000000000000
0000000000000
0000000101101
0000010001110
0000001011001
0000000000000
0000000000000
0000000000000
0000000000000
0000000000000
0000000000000
0000000000000
0000000000000
0000000000000
0000000000000
0000000000000
0000000000000
0000000000000
0000000000000
0000000000000
0000000000010
0000000000000
0000000000000
0000001001101
0000000000000
0000000000000
0000000000000
0000000000000
0000000011101
0000010101000
0000101110110
0000000100110
0000000000000
0000000000000
0000000111010
0000000000000
0000000000000
0000000000000
0010100101100
0001000001011
0000000000000
0000000000000
0000000000000
0000100001010
0001011000010
0000100111011
0000000001011
0000101101010
0000011001111
0000010011011
0000000100110
0000001001101
0000000101111
0000010011001
0000000001110
0000001011111
0000000010111
0000010001001
0000111100100
0001010110000
0000000000000
0000000000000
0000110110010
0000000010000
0000000000000
0000000000000
0000001111111
0001001000001
0000010011000
0000000000000
0000000000000
0000000000000
0000000000000
0000000000000
0000000000000
0000000000000
0000000000000
0000000000000
0000000000000
0000000000000
0000000000011
0000000000110
0000000000000
0000000000000
0000000000000
0000000000000
0000000000000
0000000000000
0000000000100
0000000000000
0000000000000
0000000000000
0000000000000
0000000110111
0001000010101
0000000101110
0000000010100
0000000000000
0000100001111
0000000000000
0000000000000
0000000000000
0010001101001
0001010110011
0000000001111
0000100110011
0000110101101
0000101100100
0000100011100
0000001011110
0000011001011
0000000100001
0000001010110
0000000101110
0000000000000
0000000010111
0000000000100
0000000111001
0000000000000
0000000011001
0000000000000
0000000111101
0000010101001
0000111000010
0000100010010
0001011000100
0001011001100
0000000000000
0000000000000
0000000000000
0000010100000
0000000111011
0000100011110
0000000000000
0000000000000
0000000000000
0000000000000
0000000000000
0000000000000
0000000000000
0000000000000
0000000000000
0000000000100
0000000000000
0000000000000
0000000000000
0000000000000
0000000000000
0000000000000
0000000000000
0000000110001
0000000001011
0000000100011
0000000000000
0000000000000
0000000000000
0000000000000
0000010010010
0001010100100
0000001111001
0000101000100
0000000000000
0000000111111
0000000101011
0000000000000
0000000000000
0000000000000
0001010000100
0001100010001
0001000011011
0000100111011
0000011010111
0000010011101
0000000101001
0000000100110
0000000000000
0000000001001
0000000000000
0000000000000
0000000000000
0000000000000
0000000000000
0000000000000
0000000000000
0000000000000
0000000000000
0000001011110
0000100011011
0001001010000
0000011110001
0000000000000
0001011111001
0000000110000
0000000000000
0000000000000
0000010110010
0000010010000
0000000000000
0000000000000
0000000000000
0000000000000
0000000000000
0000000000000
0000000000000
0000000000000
0000000000011
0000000000000
0000000000000
0000000000100
0000000011010
0000000000000
0000000000000
0000000000000
0000000000000
0000000000000
0000000000000
0000001001100
0000000000000
0000000000000
0000000000000
0000000000000
0000001000000
0001110110010
0000000000000
0000001010010
0000000000000
0000000000000
0000000001000
0000001110100
0000000000000
0000000000000
0000000000000
0001100100010
0000110111100
0000000011100
0000000000111
0000000000000
0000000000000
0000000000000
0000000000000
0000000000000
0000000000000
0000000000010
0000000000000
0000000000000
0000000000000
0000000000000
0000000000000
0000000000000
0000000000000
0000000001101
0000111010010
0000101100001
0000000000000
0000000000000
0001101111101
0001101001000
0000000000000
0000000000000
0000010010000
0000000000000
0000000000000
0000000000000
0000000000000
0000000000000
0000000000000
0000000000000
0000000000000
0000000000000
0000000000000
0000000000000
0000000000000
0000000000000
0000000000000
0000000100100
0000000000001
0000000000000
0000000000000
0000000000000
0000000000000
0000000001110
0000000000000
0000000000000
0000000000000
0000000000000
0000000100111
0010111000111
0000000000000
0000000000000
0000100010010
0000000000111
0000001101011
0000000000000
0000000000000
0000000000000
0000000000000
0000111000111
0000100011010
0000000000000
0000000000000
0000000000000
0000000000000
0000000000000
0000000000000
0000000000000
0000000000000
0000000000001
0000000000100
0000000000000
0000000000000
0000000000000
0000000000000
0000000000000
0000000000100
0000000001010
0000101101010
0000011110101
0000000000000
0000000000000
0000111000111
0001011001001
0000111000011
0000000000000
0000011000100
0000000000000
0000000000000
0000000000000
0000000000000
0000000000000
0000000000000
0000000000000
0000000000000
0000000000000
0000000000001
0000000110010
0000000000000
0000000000000
0000000000000
0000000000000
0000000000000
0000000000000
0000000000000
0000000000000
0000000000000
0000000010101
0000000000000
0000000000000
0000000000000
0000000000000
0000001111101
0001011001111
0000000000000
0000000000000
0000101010101
0000110000110
0000000000000
0000000000000
0001100011100
0000111110010
0000000000000
0000101000000
0000011011100
0000000001110
0000000000000
0000000000000
0000000000000
0000000001011
0000000000010
0000000000000
0000000000000
0000000000111
0000000000000
0000000000000
0000000000000
0000000000000
0000000000000
0000000000000
0000000000000
0000000000000
0000101100111
0000010011100
0000000000000
0000000000000
0000110000111
0000101111011
0001001110010
0000000101111
0000000000000
0000000000000
0000000000000
0000000000000
0000000000000
0000000011100
0000000000000
0000000000000
0000000000000
0000000000000
0000000000000
0000000000000
0000001000111
0000010000011
0000000101111
0000000000000
0000000000000
0000000000000
0000001100111
0000000000000
0000000001000
0000000001000
0000000000010
0000000011010
0000000000000
0000000000000
0000001110101
0000000000000
0000000000000
0000000000000
0001010110011
0000110101010
0000000000000
0000000000000
0001100111111
0000000000000
0001001101000
0000100110100
0000001001010
0000000001101
0000000000000
0000000010000
0000000000000
0000000000000
0000000000000
0000000000000
0000000000000
0000000000000
0000000000001
0000000001111
0000000000000
0000000000000
0000000000000
0000000000000
0000000000000
0000000001000
0000011111010
0000001001100
0000000000000
0000001000111
0000100000010
0000011011100
0000111101001
0001010111010
0000000000000
0000000000000
0000000000000
0000000000000
0000000000000
0000000000001
0000000011110
0000000000101
0000000000000
0000000000000
0000000101000
0000001011000
0000000000000
0000000000000
0000000011001
0000000110001
0000000000010
0000000101010
0000001101110
0000000000000
0000000010011
0000001101010
0000001100000
0000000000000
0000000000000
0000000000000
0000000000000
0000000000000
0000000000000
0000000000000
0001111110110
0000001101011
0000000000000
0000000000000
0000101010101
0001101110111
0001000110011
0000011010011
0000000000000
0000000000000
0000001000111
0000000101010
0000000000000
0000000000000
0000000000000
0000000000000
0000000000101
0000000011001
0000000011111
0000000110000
0000000000000
0000000000000
0000000000000
0000000000000
0000000000000
0000000011101
0000010101000
0000001010100
0000000000000
0000000110111
0000011011011
0000000100111
0000101011100
0001001010010
0000000000000
0000000000000
0000000000000
0000000000000
0000000000000
0000000000000
0000001000110
0000000000000
0000000000000
0000000000000
0000000001001
0000000110000
0000000111000
0000000000000
0000000000000
0000000000000
0000000000000
0000000000000
0000000000000
0000000000000
0000000000000
0000000100110
0000010000111
0000001010000
0000000000000
0000000011000
0000000000000
0000000000000
0000000000000
0000001011001
0010110100011
0000000000000
0000000000000
0000000000000
0000000000000
0001101011110
0000001000011
0000011001010
0000000100100
0000000000000
0000000111000
0000000111101
0000000000000
0000000000000
0000000000000
0000000010111
0000000010000
0000001001100
0000001010101
0000000000101
0000000011001
0000000000000
0000000000000
0000000000000
0000000011100
0000001000110
0000011010010
0000000000000
0000000000000
0000011100011
0000100100101
0000000000000
0000000111000
0000111000010
0000111111001
0000100110110
0000010000100
0000000000000
0000000000000
0000000000000
0000000000000
0000000000000
0000000000000
0000000000000
0000000000000
0000000000000
0000000000001
0000000000000
0000000000000
0000000000000
0000000000000
0000000000000
0000000000000
0000000000000
0000000000000
0000000000010
0000000000000
0000000000000
0000001110001
0000011000010
0000010101011
0000000000000
0000000000000
0000001011100
0001000000011
0000000000000
0000000000000
0000000000000
0000000000000
0001101011000
0000011001001
0000000000000
0000000000000
0000100001111
0000001111111
0000000000011
0000000001010
0000000101011
0000000111101
0000001100111
0000001111000
0000010001001
0000000000000
0000000000000
0000000011011
0000001010100
0000000000000
0000000000000
0000000111111
0000011010011
0000011001000
0000000000000
0000101001000
0000011000011
0000000000000
0000101110111
0001100101001
0001101011011
0001110010100
0011000001101
0011101000100
0000000000000
0000000000000
0000000000000
0000000000000
0000001010011
0000000000000
0000000000000
0000000000000
0000000000000
0000000000000
0000000000000
0000000001010
0000000101111
0000000111100
0000001110001
0000001111011
0000000000101
0000000001111
0000000000000
0000000000000
0000000000000
0000000000000
0000000000000
0000000100000
0000001010111
0000000000000
0000000000000
0000000000000
0000000000000
0000000000000
0000000000000
0000000000000
0000000000000
0010011000011
0000110110101
0000000000000
0000000001000
0000010001011
0000001110010
0000001000111
0000001100101
0000001001110
0000010001001
0000010100100
0000000000000
0000000000000
0000001110010
0000010001010
0000000000000
0000000000000
0000001100110
0000100011010
0000100111110
0000000000000
0000001010000
0000010001000
0000000000000
0001111100101
0010000111101
0000000000011
0000000000000
0000000000000
0000000000000
0001000101111
0000101101101
0000001110011
0001000000111
0000011110100
0000101100111
0000011011010
0000000000000
0000000000000
0000000000000
0000000000000
0000000000000
0000000000000
0000000000000
0000000000000
0000000001101
0000001101110
0000000000000
0000000011100
0000000101110
0000000000000
0000000000000
0000000000000
0000000000000
0000000000000
0000000000000
0000000000000
0000000000000
0000000000000
0000000100101
0000000000000
0000000000000
0000000000000
0000000000000
0000110000111
0001110011000
0000110010100
0000010101100
0000001010101
0000000100110
0000010000011
0000010111100
0000000000000
0000000000000
0000000000000
0000000000000
0000010110111
0000001111000
0000000000101
0000000010001
0000001100001
0000011101010
0001000001110
0000000000000
0000000000000
0000001010010
0000011111010
0010000101110
0001101011010
0000000000000
0000000000000
0000000000000
0000000000000
0000000000000
0000000000000
0000001100101
0001010010101
0001100110100
0000000000000
0000000000000
0001000111001
0000001011000
0000000000000
0000000000000
0000000000000
0000000000000
0000000000000
0000000000000
0000000000000
0000000000000
0000000000000
0000000000000
0000000000000
0000000100100
0000000011101
0000000001011
0000000000000
0000000000000
0000000000000
0000000000000
0000000000000
0000000000000
0000000000000
0000001010001
0000001000001
0000000000000
0000000000000
0000000000000
0000000000000
0001010100001
0001011001100
0000100011011
0000010110101
0000000000000
0000000000000
0000000000000
0000000000000
0000011001101
0000010010100
0000000011111
0000001000110
0000000001010
0000000100000
0000001011111
0000011011101
0001011000011
0000001001110
0000000000000
0000000000000
0000001100111
0001111101001
0001110110100
0000000000000
0000000000000
0000000000000
0000000000000
0000000000000
0000000000000
0000000000000
0001100010011
0010001101011
0000000000000
0000000000000
0000000000000
0001000111010
0001000010101
0000000000000
0000000000000
0000000000000
0000000000000
0000000000000
0000000000000
0000000000000
0000000000000
0000000000000
0000000000000
0000000000000
0000000000000
0000000010101
0000000010111
0000000010101
0000000000000
0000000000000
0000000000000
0000000000000
0000000000000
0000000000000
0000000000000
0000000000000
0000000000000
0000000000000
0000000000000
0000000000000
0000000000000
0001011111111
0001010100110
0000001011100
0000000000000
0000000000000
0000010001110
0000011000111
0000001010110
0000001010111
0000001001101
0000000100011
0000000010111
0000001100101
0000011001001
0001100001000
0000110011111
0000000000000
0000000000000
0001010110111
0000001010100
0010000011010
0001011000010
0000000000000
0000000000000
0000000000000
0000000000000
0000000000000
0000000000000
0000000000000
0010100111100
0000001100011
0000000000000
0000000000000
0000000000000
0000000000000
0010110101001
0000101110111
0000000000000
0000111101111
0000111001001
0000000000000
0000000000000
0000010100101
0000010001101
0000000110011
0000000000000
0000000000000
0000000000000
0000000000000
0000000000111
0000000001101
0000000010010
0000000001111
0000000001011
0000000001001
0000000000000
0000000000000
0000000000000
0000000000000
0000000000000
0000000000000
0000000000000
0000000000000
0000000000000
0000000000000
0001100110010
0000111111001
0000000000000
0000001101111
0000010111001
0000000110011
0000000010011
0000000010001
0000000000000
0000000000000
0000001101110
0000011001010
0001100010000
0001001101101
0000000000000
0000000000000
0000101111101
0001010000100
0000000000000
0001100011100
0010100010000
0000000000000
0000000000000
0000000000000
0000000000000
0000000000000
0000000000000
0010100111100
0000011111111
0000000000000
0000000000000
0000000000000
0000000000000
0000000000000
0000111011110
0010101100111
0001110001101
0000100110110
0000101000100
0000111111011
0000011111010
0000001101110
0000100000101
0000101111100
0000000000000
0000000000000
0000000000000
0000000000000
0000000000000
0000000000000
0000000000000
0000000111010
0000001011101
0000000001110
0000000001110
0000000111110
0000000000101
0000000000000
0000001001010
0000000100110
0000000000000
0000000000000
0000000000000
0000000000000
0000000000000
0001010111001
0000110111011
0000010011110
0000000100101
0000000001101
0000000000000
0000000000000
0000000000000
0000001010101
0000010111001
0001100001000
0001011010110
0000000000000
0000000000000
0000000000000
0001100111101
0001010101110
0000010100010
0000000000000
0010010000101
0000110111110
0000000000000
0000000000000
0000000000000
0010101100111
0010010111000
0000100111111
0000000000000
0000000000000
0000000000000
0000000000000
0000000000000
0000000000000
0000000000000
0001011110011
0001001010100
0000011100000
0000101010000
0000101111111
0000101110001
0000101111110
0000101110011
0000101011101
0000000000000
0000000000000
0000000000000
0000000000000
0000000000000
0000000000000
0000000000000
0000000000000
0000000000110
0000000000110
0000000000000
0000000001111
0000001001111
0000001011001
0000010010000
0000100010000
0000011001011
0000000010001
0000000000000
0000000000000
0000000000000
0000000000000
0001001101100
0000100011111
0000001000001
0000000000000
0000000000000
0000000000000
0000001010001
0000010011000
0001011110110
0001011110111
0000000000000
0000000000000
0000000000000
0000000000000
0001100100000
0000111100101
0000001011111
0000000000000
0001111110001
0010001100011
0000000000000
0000000000000
0011011111001
0010100111101
0001010001100
0000000000000
0000000000000
0000000000000
0000000000000
0000000000000
0000000000000
0000000000000
0000000000000
0001010111111
0000101110010
0000000000000
0000000110011
0000010110100
0000001100010
0000000101111
0000000000000
0000000000000
0000000000000
0000000000000
0000000000000
0000000000000
0000000000000
0000000000000
0000000000000
0000000000000
0000000000000
0000000000000
0000000000000
0000000000000
0000000000101
0000000000010
0000000000101
0000001001110
0000010001110
0000000101101
0000000000000
0000000000000
0000000000000
0000000000000
0000010110010
0000111000001
0000010000111
0000000001110
0000000000000
0000001000000
0000001101111
0001011001110
0001011101001
0000000000000
0000000000000
0000000000000
0000000000000
0001011100001
0001010001101
0000010111100
0000001011010
0000000010011
0000001101010
0000111101010
0000000000000
0010001001100
0010110001110
0000111010100
0000000000000
0000000000000
0000000000000
0000000000000
0000000000000
0000000000000
0000000000000
0000000000000
0001110001000
0001110101000
0000000000000
0000000000000
0000000000000
0000000000000
0000000000000
0000000000000
0000000000000
0000000000000
0000000000000
0000000000000
0000000000000
0000000000000
0000000000000
0000000000000
0000000000000
0000000000000
0000000000000
0000000000000
0000000000000
0000000000000
0000000000000
0000000000000
0000000000000
0000000000000
0000000000000
0000011000000
0000011110001
0000000000000
0000000000000
0000000000000
0000000000000
0000011011110
0000101000001
0000001000001
0000000101111
0000000111110
0000110111010
0001000101010
0000000000000
0000000000000
0000000000000
0000000000000
0000000000000
0001100100000
0000111010001
0000001010001
0000001100101
0000000010110
0000000000000
0000101001011
0010000101101
0010100001101
0000010011000
0000000000000
0000000000000
0000000000000
0000000000000
0000000000000
0000000000000
0000000000000
0000000000000
0000010111101
0010001100101
0000000000000
0000000000000
0000000000000
0000000000000
0000000000000
0000000000000
0000000000000
0000000000000
0000000000000
0000000000000
0000000000000
0000000000000
0000000000000
0000000000000
0000000000000
0000000000000
0000000000000
0000000000101
0000000000000
0000000000000
0000000000000
0000000000000
0000000000000
0000000000000
0000000000000
0000000000000
0000000000000
0000010011001
0000011010100
0000010010011
0000000000011
0000000000000
0000000000000
0000110011000
0000100110010
0000010001000
0000111101110
0000110011011
0000000000000
0000000000000
0000000000000
0000000000000
0000000000000
0000100110111
0001010010101
0000100001010
0000000000110
0000001111011
0000000000000
0000000000000
0001001100010
0010000110100
0000000000000
0000010100111
0000000000000
0000000000000
0000000000000
0000000000000
0000000000111
0000000000000
0000000000000
0000000000000
0001111011110
0000001000010
0000000000000
0000000000000
0000000000000
0000000000000
0000000000000
0000000000000
0000000000000
0000000000000
0000000000000
0000000000000
0000000000000
0000000110100
0000000001011
0000000000000
0000000000000
0000000000000
0000000000000
0000000000000
0000000000000
0000000000000
0000000000000
0000000000000
0000000000000
0000000011000
0000000000000
0000000000000
0000000000000
0000000001011
0000010010111
0000010111011
0000010101111
0000001101011
0000000000000
0000001011010
0001000001000
0000111101001
0000001000110
0000000000000
0000000000000
0010010010000
0000001111111
0000000000000
0000000000000
0001001010110
0000111000100
0000001101100
0000000000000
0000001111110
0000000101010
0000000000000
0001000011101
0010000110000
0000000000000
0000000000000
0000000000000
0000000000000
0000000000000
0000000000000
0000000001001
0000000000000
0000000000000
0000001101111
0001001101011
0000000000000
0000000000000
0000000000000
0000000000000
0000000000000
0000000000000
0000000000000
0000000000000
0000000000000
0000000000000
0000000000000
0000000000000
0000000001100
0000000110111
0000000111101
0000000000000
0000000000000
0000000000000
0000000000000
0000000000000
0000000000000
0000000000000
0000000000000
0000000000000
0000000000000
0000000000000
0000000000000
0000000000000
0000000010001
0000000000000
0000000000000
0000000000000
0000001000010
0000010011001
0000001100110
0000000000000
0000000000000
0000000000000
0000000000000
0000000000011
0000011101001
0001010111011
0001000100011
0000110110010
0000010101110
0000001110011
0000000100111
0000000000000
0000001010010
0000010001011
0000110110001
0000100101001
0000100110000
0000010010100
0000000000000
0000000000000
0000000000000
0000000000000
0000000000000
0000000001000
0000000000000
0000000000000
0000010000100
0000000000000
0000000000000
0000000000000
0000000000000
0000000000000
0000000000010
0000000000000
0000000000000
0000000000000
0000000000000
0000000000000
0000010011001
0000000001011
0000000000000
0000000000000
0000000000000
0000000000001
0000000000000
0000000000000
0000000000000
0000000000000
0000000000000
0000000000000
0000000000000
0000000000000
0000000000000
0000000000000
0000000000000
0000000000000
0000000000000
0000000000000
0000000000000
0000000000000
0000000000000
0000000000000
0000000000000
0000000000000
0000000001011
0000001001001
0000000000000
0000000000000
0000000000000
0000111000011
0000100110010
0000110111011
0000010101110
0000001000000
0000001001000
0000000000000
0000000000000
0000010100111
0001010010000
0000101010101
0000001000111
0000000000000
0000000000000
0000000000000
0000000000000
0000000000000
0000000000000
0000000001111
0000000000000
0000000000000
0000000000000
0000000000000
0000000000000
0000000000000
0000000000101
0000000000000
0000000000000
0000000000000
0000000000000
0000000000000
0000000000000
0000000000000
0000011011100
0000011100100
0000001111000
0000000000000
0000000000000
0000000000000
0000000000000
0000000110011
0000001011010
0000000000000
0000000000000
0000000000000
0000000000000
0000000000000
0000000000000
0000000000000
0000000000000
0000000000000
0000000000000
0000000000000
0000000000000
0000000000000
0000000000000
0000000000000
0000000000000
0000000011100
0000000000000
0000000000000
0000000000000
0000010000010
0000000000000
0000000000000
0000101111000
0000010110111
0000011010001
0000000000000
0000011100011
0000000000000
0000000000000
0000010011100
0001110001111
0001001000011
0000000000000
0000000000000
0000000000000
0000000000000
0000000000000
0000000000001
0000000000000
0000000000000
0000000000000
0000000000000
0000000000000
0000000000000
0000000000000
0000000001101
0000000001110
0000000000000
0000000000000
0000000000000
0000000000000
0000000000000
0000000000000
0000000000000
0000000000000
0000000111100
0000100010111
0000100011111
0000010001000
0000000000000
0000000000000
0000000000000
0000000000000
0000000000000
0000000000000
0000000000000
0000000001001
0000000000000
0000000000000
0000000000000
0000000000000
0000000000000
0000000000000
0000000000000
0000000000000
0000000000000
0000000000000
0000000000000
0000000000000
0000000000000
0000000000000
0000000010010
0000000000000
0000000000000
0000000111100
0000000000000
0000000000000
0000000111101
0000100011110
0000001000100
0000110101100
0000000011110
0000000000000
0000011110001
0010001000001
0001111000110
0000000000000
0000000000000
0000000000000
0000000000000
0000000000000
0000000000000
0000000000000
0000000000000
0000000000000
0000000000000
0000000000000
0000000000000
0000000000000
0000000000000
0000000000000
0000000000000
0000000000000
0000000000000
0000000000000
0000000000110
0000000000000
0000000000000
0000000000000
0000000000000
0000000000000
0000000000000
0000001100111
0000010111100
0000010000001
0000000000000
0000000000000
0000000000000
0000000000000
0000000000000
0000000101011
0000001111110
0000000101111
0000000000000
0000000000000
0000000000101
0000000000000
0000000000000
0000000000000
0000000000000
0000000000000
0000000000000
0000000000000
0000000000000
0000000000000
0000000000000
0000000000000
0000001011100
0000001110000
0000000000000
0000000000000
0001010011000
0000000000000
0000000000000
0001100000001
0000010001011
0000000000000
0000011011000
0001111011000
0001111101110
0000000000000
0000000000000
0000000000000
0000000000011
0000000000101
0000000000000
0000000000011
0000000000000
0000000000000
0000000000000
0000000000000
0000000000101
0000000000001
0000000000000
0000000000000
0000000000000
0000000000000
0000000000000
0000000001010
0000000001110
0000000000000
0000000000000
0000000000000
0000000000000
0000000000000
0000000000000
0000000000000
0000000000000
0000000000000
0000001100011
0000001110001
0000000100100
0000000000000
0000000000000
0000000000000
0000000000000
0000001001101
0000000110100
0000000000000
0000010100101
0000010101010
0000000110001
0000000000000
0000000000000
0000000000000
0000000000000
0000000000000
0000000000000
0000000000000
0000000000000
0000000000000
0000011001001
0000000000000
0000000000000
0000000000000
0001010100100
0000000000000
0000000000000
0001111010110
0000011011100
0000000000000
0000000000000
0011000101111
0000000000101
0000000000000
0000000000000
0000000000000
0000000010010
0000000001011
0000000000000
0000000000000
0000000000000
0000000000000
0000000000000
0000000001001
0000000000000
0000000000000
0000000000000
0000000000100
0000000000000
0000000000000
0000000000000
0000000001011
0000000000011
0000000000000
0000000000000
0000000010011
0000000101111
0000001001101
0000000100101
0000000000111
0000000000000
0000000000000
0000000000000
0000000000000
0000000000000
0000000000000
0000000000000
0000000000000
0000000000000
0000000000000
0000000000000
0000000000000
0000000000000
0000010100001
0000011101001
0000011101000
0000010110101
0000000010000
0000000000000
0000000000000
0000000000000
0000000000000
0000000000000
0000000011110
0000110001100
0000000000000
0000000000000
0000100001000
0001110011001
0000000000000
0000000101000
0010001000010
0000110010001
0000000000000
0000000000000
0100010010000
0000000000000
0000000000000
0000000000000
0000000000000
0000000011001
0000000001101
0000000000000
0000000000000
0000000000000
0000000000000
0000000000000
0000000000001
0000000000000
0000000000000
0000000000000
0000000000000
0000000000000
0000000000000
0000000000000
0000000000000
0000000000111
0000000000000
0000000000000
0000000000000
0000000000000
0000000011011
0000001000100
0000001010001
0000000111011
0000000101101
0000000111100
0000000000000
0000000000000
0000000000000
0000000000000
0000000000000
0000000000000
0000000000000
0000000000000
0000000000000
0000000000000
0000000000000
0000001011101
0000010010111
0000010110011
0000000111011
0000000000000
0000000000000
0000000000000
0000000000000
0000000000000
0000010001100
0000110101110
0000000000000
0000000000000
0000000000000
0001010111111
0000000000000
0000001110100
0010000110101
0000010111101
0000000000000
0001001011100
0001111101001
0000000000000
0000000000000
0000000000000
0000000000000
0000000000110
0000000000000
0000000000000
0000000000000
0000000000000
0000000000000
0000000000000
0000000000000
0000000000000
0000000000000
0000000000000
0000000000000
0000000000000
0000000000000
0000000000000
0000000000000
0000000000000
0000000000001
0000000000000
0000000100000
0000000000000
0000000000000
0000000000000
0000000110001
0000001011011
0000000110010
0000000110011
0000000100111
0000001000100
0000000101011
0000000000000
0000000000000
0000000000000
0000000000000
0000000000000
0000000000000
0000000000000
0000000000000
0000000000000
0000000000000
0000001110011
0000000100000
0000000001011
0000000110011
0000000101000
0000000101101
0000011100011
0000110001101
0000101010111
0000000000000
0000000000000
0000000000000
0000000000000
0001101010010
0001100011100
0001001010010
0000000000000
0000000000000
0100001000001
0000000000000
0000000000000
0000000000000
0000000000000
0000000000000
0000000000000
0000000000000
0000000000111
0000000000000
0000000000000
0000000000000
0000000000000
0000000000000
0000000000000
0000000000000
0000000000000
0000000000000
0000000001010
0000000000000
0000000000000
0000000000000
0000000000000
0000000000000
0000000000000
0000001011010
0000001111111
0000010010011
0000010000100
0000001100111
0000000110011
0000000010110
0000000000110
0000000000000
0000000010010
0000001001010
0000001010011
0000000111111
0000000100001
0000000010111
0000000011110
0000000000001
0000000000000
0000000000000
0000000000000
0000000000000
0000000000000
0000001101001
0000010111010
0000001110001
0000010100101
0000011101110
0000111110100
0001010001000
0000000000000
0000000000000
0000000000000
0000000000000
0000000000000
0001111011111
0001000010100
0000001000011
0000000000000
0001000010111
0010001000001
0000000000000
0000000000000
0000000000000
0000000000000
0000000000000
0000000000000
0000000000000
0000000001000
0000000000001
0000000000000
0000000000000
0000000000000
0000000000000
0000000000000
0000000000000
0000000000000
0000000000000
0000000000111
0000000000101
0000000000000
0000000000000
0000000000000
0000000000000
0000000000000
0000000000000
0000000000000
0000001011010
0000010001010
0000010100100
0000010010001
0000001101010
0000001010100
0000001111100
0000001000011
0000000001100
0000000000111
0000001001100
0000010010101
0000010000111
0000000010011
0000000000000
0000000000001
0000000000000
0000000000000
0000000000000
0000000000000
0000000000000
0000000000000
0000011010010
0000111101001
0001000001100
0000000000000
0000000000000
0000000011101
0000000000000
0000000000000
0000000000000
0001111001000
0001101010100
0001011010010
0000000010001
0000000000000
0011101110000
0000000000000
0000000000000
0000000000000
0000000000000
0000000000000
0000000000000
0000000000000
0000000000000
0000000000000
0000000000011
0000000000000
0000000000000
0000000000000
0000000000000
0000000000001
0000000000100
0000000000000
0000000000000
0000000000000
0000000000010
0000000000011
0000000000000
0000000000000
0000000000000
0000000000000
0000000000000
0000000000000
0000000000000
0000000000000
0000000000000
0000000000000
0000001011011
0000010100100
0000010101001
0000010000100
0000000101111
0000001010010
0000001101111
0000001011110
0000001100110
0000001110100
0000001101011
0000001001110
0000000110000
0000000110010
0000000111001
0000001101111
0000000100000
0000011000000
0001000000011
0000010111001
0000000000000
0000000000000
0001001000101
0000000001011
0000000000000
0000000000000
0000001001101
0001001111111
0001110100110
0001100001000
0000000000000
0000000000000
0011000001101
0000000000000
0000000000000
0000000000000
0000000000000
0000000000000
0000000000000
0000000001000
0000000000101
0000000000000
0000000000000
0000000000000
0000000000000
0000000000000
0000000000000
0000000000000
0000000001111
0000000001100
0000000000000
0000000000000
0000000000000
0000000000000
0000000000000
0000000000000
0000000000000
0000000000000
0000000101100
0000000000000
0000000000000
0000000000000
0000000000000
0000000000000
0000000000000
0000000000000
0000000000000
0000010000100
0000010100000
0000001100101
0000000000101
0000000011110
0000001111001
0000010111001
0000011101100
0000011011001
0000011000010
0000011000111
0000100000010
0000100011001
0000110110001
0001011111001
0000001011011
0000000000000
0000000000000
0001100011010
0000010110001
0000000000000
0000101011101
0000000000000
0000000000000
0010100001101
0010000111111
0000001111111
0000000000000
0011000100000
0000000010100
0000000000000
0000000000000
0000000000000
0000000000000
0000000000000
0000000000000
0000000010001
0000000001100
0000000000000
0000000000000
0000000000000
0000000000000
0000000000000
0000000000000
0000000000010
0000000000000
0000000000000
0000000000000
0000000000000
0000000000000
0000000000000
0000000000000
0000000000000
0000000000000
0000000000000
0000000000000
0000000100111
0000001010110
0000001101011
0000001011101
0000000011010
0000000000000
0000000000000
0000000000000
0000000000000
0000000000000
0000000000000
0000000000000
0000000000000
0000000000000
0000000000000
0000000010100
0000001001100
0000010100000
0000010010110
0000001110111
0000110000001
0001001110110
0000011110110
0000000000000
0000000000000
0000110100110
0000010001111
0000000000000
0001011000001
0000000000000
0000001000100
0000000000000
0010010011010
0010010111101
0000000000000
0000010011010
0011110001001
0000000000000
0000000000000
0000000000000
0000000000000
0000000000011
0000000000000
0000000000000
0000000000010
0000000000000
0000000000000
0000000000000
0000000000000
0000000000000
0000000000000
0000000000000
0000000000000
0000000000000
0000000000000
0000000000000
0000000000000
0000000000000
0000000000000
0000000000000
0000000000000
0000000000000
0000000000000
0000000000000
0000000001111
0000000110000
0000000011001
0000000010111
0000000011101
0000001000001
0000001110001
0000001111011
0000000011011
0000000000000
0000000000000
0000000000000
0000000000000
0000000000000
0000000000000
0000000000000
0000000000000
0000000000000
0000000000000
0000000000000
0000111000001
0000111111000
0000000000000
0000000000000
0000000000000
0001010111000
0000000000000
0000000000000
0011110001110
0000000000000
0000000000000
0000011001111
0000000000000
0000100111010
0000000000000
0010011010011
0000110101011
0000000000000
0000000000000
0000000000000
0000000000000
0000000000001
0000000000000
0000000000000
0000000000000
0000000000000
0000000000000
0000000000000
0000000000000
0000000000000
0000000000000
0000000000101
0000000000000
0000000000000
0000000000000
0000000000000
0000000000000
0000000000000
0000000000000
0000000000000
0000000000000
0000000000000
0000000000000
0000000000000
0000000000000
0000000000000
0000000000000
0000000000000
0000000000000
0000000000000
0000000000000
0000000011101
0000001000101
0000001001100
0000001011010
0000001001111
0000000010110
0000000000000
0000000000000
0000000000000
0000000000000
0000000000000
0000000000000
0000001111010
0000011111101
0000000000000
0000000000000
0000000000000
0001010110111
0000000100001
0000000000000
0001001000110
0011011001100
0000000000000
0000000000000
0010001010110
0000000000000
0000000000000
0001000111101
0011110010001
0000000000000
0000000000000
0000000000000
0000000000000
0000000000000
0000000000110
0000000000000
0000000000000
0000000000000
0000000000000
0000000000000
0000000000000
0000000000000
0000000000000
0000000000000
0000000000000
0000000000000
0000000000000
0000000000000
0000000000000
0000000000000
0000000000000
0000000000000
0000000000000
0000000101010
0000000000000
0000000000000
0000000000000
0000000000000
0000000000000
0000000000000
0000000000000
0000000000000
0000000000000
0000000000000
0000000000000
0000000000000
0000000000000
0000000000000
0000000000000
0000000001001
0000000111100
0000000111011
0000000010011
0000000000001
0000000000000
0000011001110
0000110100000
0000000010010
0000000000000
0000000000000
0000000000000
0000100010100
0000000000000
0000000000000
0100001001111
0010001110110
0000000000000
0000000000000
0000000000000
0001010100101
0000000000000
0001000010110
0001111111010
0000000000000
0000000000000
0000000000000
0000000000001
0000000000000
0000000000000
0000000000000
0000000000000
0000000000000
0000000000000
0000000000000
0000000000000
0000000000000
0000000000000
0000000000000
0000000000000
0000000000000
0000000000000
0000000000000
0000000000000
0000000000000
0000000000000
0000000000000
0000000000000
0000010110001
0000000000000
0000000000000
